37277
52059
35950
33908
44564
36936
31625
26051
34083
37484
44415
36089
25171
29199
25677
26410
34367
25503
24135
30800
26632
24941
27593
21811
23328
27266
23066
24680
25878
22882
22206
23618
22094
22447
22428
22204
22951
21442
22633
23784
19221
18815
20850
20433
20481
22397
17811
17625
18550
17627
19257
19218
19108
18202
15766
16065
18489
17355
17184
19117
15242
16743
15241
18074
16601
17917
15837
15434
14607
14127
15829
16477
15179
13687
14304
15443
15683
14855
15040
13708
14597
13558
12742
14005
15145
12417
13778
14514
13903
12982
12305
12991
12764
12555
12094
13522
13366
13079
12380
13039
