-25402.0
-37513.0
-23683.0
-22895.0
-31769.0
-25094.0
-20380.0
-15599.0
-23289.0
-25470.0
-29943.0
-24711.0
-15085.0
-18810.0
-15714.0
-16315.0
-22754.0
-15389.0
-14120.0
-20903.0
-16661.0
-15315.0
-16037.0
-12732.0
-14041.0
-16675.0
-13921.0
-15273.0
-14961.0
-12985.0
-12378.0
-12650.0
-12810.0
-12520.0
-12487.0
-12631.0
-13036.0
-11740.0
-12775.0
-12245.0
-8990.0
-9708.0
-11620.0
-11141.0
-11110.0
-12064.0
-8744.0
-8855.0
-8968.0
-8756.0
-9979.0
-9845.0
-10070.0
-8139.0
-7612.0
-7939.0
-9177.0
-8986.0
-8094.0
-8880.0
-7238.0
-8149.0
-6929.0
-8351.0
-7212.0
-8903.0
-7467.0
-6339.0
-6459.0
-6378.0
-6860.0
-7786.0
-6754.0
-5754.0
-6044.0
-7003.0
-6921.0
-6869.0
-6587.0
-5577.0
-6156.0
-5899.0
-5619.0
-6145.0
-6478.0
-5217.0
-5624.0
-6185.0
-5416.0
-5249.0
-4750.0
-5556.0
-4933.0
-4635.0
-4379.0
-5118.0
-5131.0
-4974.0
-4952.0
-4726.0
